4294967294,0
4294967279,476
4294967294,126
11,12
11,11
11,10
11,9
4294967278,166
4294967278,406
4294967279,475
4294967278,405
4294967279,474
4294967279,473
4294967278,404
4294967294,127
4294967294,68
4294967294,11
4294967279,472
4294967278,403
4294967279,471
4294967279,470
4294967279,431
29,5
29,4
4294967294,1077
9,2
8,5
8,4
4294967294,1418
4294967294,43
4294967294,52
4294967294,471
4294967294,26
4294967294,157
4294967294,83
4294967294,472
4294967294,1163
18,0
16,2
36,4
4294967294,1432
4294967294,1433
4294967294,27
4294967294,477
4294967294,25
4294967279,469
22,2
9,9
9,7
23,2
4294967294,1434
18,7
4294967294,22
4294967294,7
4294967294,6
23,6
23,5
23,4
4294967294,1430
22,5
22,4
4294967294,1427
4294967294,1436
46,2
46,6
46,5
46,4
4294967294,479
18,1
18,6
45,5
45,4
2,2
4294967294,478
2,7
4294967279,468
4294967278,402
4294967278,401
4294967279,467
4294967278,400
4294967279,466
4294967279,465
4294967279,464
4294967278,399
44,4
2,6
43,6
41,4
40,4
9,8
4294967279,430
4294967279,429
4294967279,269
4294967279,427
4294967279,463
4294967279,302
34,4
9,4
4294967278,356
4294967278,398
32,4
4294967278,397
4294967278,396
3,2
4294967278,395
4294967278,394
4294967279,462
4294967278,324
4294967278,318
4294967279,301
4294967278,290
4294967278,143
4294967279,461
4294967279,460
4294967279,423
4294967278,393
4294967279,216
4294967278,336
4294967279,397
4294967278,326
4294967278,315
27,6
27,4
26,2
4294967294,476
4294967294,475
4294967279,311
4294967279,307
4294967279,291
4294967294,1425
4294967294,1426
18,2
4294967294,1424
35,4
28,4
27,5
26,4
4294967278,392
4294967279,459
12,8
12,0
12,1
12,7
4294967279,398
4294967278,320
4294967279,388
45,0
4294967279,386
4294967278,278
4294967278,391
4294967279,298
4294967279,134
4294967279,274
4294967278,367
4294967279,428
4294967279,425
4294967278,366
4294967278,365
4294967279,458
4294967279,408
4294967279,224
4294967278,329
4294967278,327
4294967278,319
4294967278,317
4294967278,299
4294967279,416
4294967279,412
4294967278,276
4294967279,275
4294967279,293
4294967278,351
4294967279,457
4294967279,426
4294967279,424
4294967278,364
4294967279,422
4294967278,339
4294967278,390
4294967279,407
4294967278,323
4294967279,136
4294967279,188
4294967278,303
4294967279,309
4294967278,300
4294967279,456
4294967278,294
4294967279,421
4294967279,417
4294967279,455
4294967279,414
4294967278,137
4294967278,275
4294967278,274
4294967278,284
4294967278,340
4294967279,222
4294967278,338
4294967279,406
4294967279,399
4294967278,328
4294967278,325
4294967279,389
4294967279,384
4294967278,307
4294967278,304
4294967279,310
4294967279,306
4294967278,297
45,9
4294967278,357
4294967278,389
4294967278,292
4294967279,138
4294967278,286
4294967278,388
45,8
4294967279,454
4294967278,289
4294967278,266
4294967279,453
4294967279,254
52,6
52,5
52,4
52,3
52,2
52,1
4294967294,388
4294967294,1423
4294967294,152
4294967294,480
45,7
45,6
44,7
44,0
44,6
44,5
4294967278,147
4294967278,146
4294967279,145
4294967279,144
4294967279,142
4294967279,452
17,2
24,4
11,115
11,114
11,113
11,112
11,111
11,110
4294967279,451
14,2
4294967278,387
4294967279,411
4294967278,344
4294967278,363
4294967278,361
4294967278,343
7,2
9,5
18,4
18,5
11,107
11,106
11,105
11,104
11,108
4294967279,215
4294967278,337
4294967279,214
4294967278,334
4294967279,401
4294967278,331
4294967278,330
4294967279,390
4294967278,316
4294967278,310
4294967279,317
4294967278,309
4294967279,316
4294967278,308
4294967279,315
17,6
17,5
17,4
4294967279,171
4294967278,293
4294967278,362
4294967279,420
4294967278,360
4294967279,419
4294967278,359
4294967279,418
4294967278,358
4294967279,154
4294967279,415
16,5
16,4
4294967278,148
4294967279,147
4294967278,355
4294967279,146
4294967278,386
4294967278,385
14,11
14,10
14,9
14,7
14,4
14,8
14,6
14,5
11,109
4294967278,350
4294967278,279
4294967279,259
4294967279,280
4294967279,255
4294967279,252
4294967279,250
4294967279,246
4294967279,240
4294967279,235
4294967279,227
4294967279,226
4294967279,219
4294967279,405
4294967279,403
4294967278,333
4294967279,402
4294967278,332
4294967278,322
4294967278,314
4294967279,191
4294967278,313
4294967278,312
4294967279,186
4294967279,183
4294967279,308
13,0
4294967279,300
4294967279,450
4294967279,167
4294967279,299
4294967279,165
4294967279,163
4294967279,159
4294967279,158
4294967279,156
4294967279,155
4294967278,384
4294967279,153
4294967279,151
4294967279,150
4294967279,149
4294967279,148
4294967278,145
4294967278,144
4294967278,354
4294967279,143
4294967278,353
4294967279,413
4294967278,352
4294967279,141
4294967279,294
4294967278,302
4294967278,346
4294967278,285
4294967279,292
4294967278,267
4294967279,449
4294967279,410
4294967279,283
4294967279,281
4294967279,279
7,5
4294967278,256
4294967278,349
4294967278,348
4294967278,347
4294967278,345
4294967279,409
4294967278,342
4294967279,256
4294967278,341
7,4
13,1
13,11
13,2
4294967279,248
4294967279,244
4294967279,242
4294967279,238
4294967279,237
4294967279,233
4294967279,231
4294967279,229
4294967279,225
4294967279,223
4294967279,221
4294967279,220
4294967279,217
4294967279,277
4294967279,213
4294967278,335
4294967279,404
4294967279,400
4294967279,396
4294967279,395
6,2
4294967279,394
5,2
4294967279,393
4294967279,392
11,15
11,14
11,13
4294967279,391
4294967278,321
4,2
4294967294,1422
4294967279,387
4,4
4,5
5,5
4,6
4294967279,385
4294967279,133
11,8
11,7
4294967279,319
4294967278,311
4294967279,318
12,2
4294967279,187
12,6
13,7
13,5
4294967279,314
4294967278,306
4294967279,313
4294967278,305
4294967279,312
4294967279,88
4294967279,2
4294967278,383
4294967278,301
4294967278,298
4294967279,305
6,5
5,4
6,4
13,8
4294967279,304
4294967278,296
4294967279,303
4294967294,1421
4294967278,295
11,170
11,169
11,168
11,167
11,166
11,165
11,164
11,163
11,162
11,161
11,160
11,159
11,158
11,157
11,156
11,155
11,154
11,153
11,152
11,151
11,150
11,149
11,148
11,147
11,146
11,145
11,144
11,143
11,142
11,141
11,140
11,139
11,138
11,137
